/usr/local/Cellar/python/2.7.12/Frameworks/Python.framework/Versions/2.7/bin/python2.7 /Users/sitefeng/Documents/PaperlessAI/train.py
Reading input CSV into raw dataset...
Getting Unique PackageIds...
Unique PackageId Count: 21456
Parsing User Sent History...
User Sent History gathered: rows[176], cols[21456]
Shuffling raw input dataset...
Transforming parsed data into training format...
Transforming user history... [0.050k/0.176k]
Transforming user history... [0.100k/0.176k]
Transforming user history... [0.150k/0.176k]
Finished transforming data: fullDataset[636], fullLabels[636]
Further separating data into training and validation datasets...
Dataset separated into training and validation portions.
trainDataset[586], trainLabels[586] | validDataset[50], validLabels[50]
Setting up Neural Network...
Training Neural Network...
TrainStep[0/29], Error[0.259844]
output
[[ 0.65794158]
 [ 0.4554441 ]
 [ 0.60609823]
 [ 0.44963828]
 [ 0.72086447]
 [ 0.43815121]
 [ 0.74860907]
 [ 0.56200057]
 [ 0.80646992]
 [ 0.36863139]
 [ 0.4104898 ]
 [ 0.35598156]
 [ 0.605358  ]
 [ 0.60725039]
 [ 0.41495979]
 [ 0.35467371]
 [ 0.19409135]
 [ 0.5547815 ]
 [ 0.20552213]
 [ 0.48766646]]
target
[[ 1.]
 [ 1.]
 [ 0.]
 [ 1.]
 [ 1.]
 [ 0.]
 [ 0.]
 [ 0.]
 [ 0.]
 [ 1.]
 [ 0.]
 [ 1.]
 [ 0.]
 [ 1.]
 [ 0.]
 [ 0.]
 [ 0.]
 [ 1.]
 [ 0.]
 [ 0.]]
TrainStep[1/29], Error[0.286415]
output
[[ 0.67010009]
 [ 0.42555326]
 [ 0.61077625]
 [ 0.44991618]
 [ 0.73127633]
 [ 0.35716644]
 [ 0.74201161]
 [ 0.43844616]
 [ 0.71019405]
 [ 0.35720015]
 [ 0.38883755]
 [ 0.47442091]
 [ 0.60795975]
 [ 0.66950572]
 [ 0.38237181]
 [ 0.37336135]
 [ 0.36345795]
 [ 0.62902099]
 [ 0.14527577]
 [ 0.36338419]]
target
[[ 1.]
 [ 0.]
 [ 0.]
 [ 0.]
 [ 0.]
 [ 1.]
 [ 0.]
 [ 0.]
 [ 1.]
 [ 0.]
 [ 1.]
 [ 1.]
 [ 0.]
 [ 0.]
 [ 0.]
 [ 1.]
 [ 1.]
 [ 0.]
 [ 0.]
 [ 0.]]
TrainStep[2/29], Error[0.290927]
output
[[ 0.64465666]
 [ 0.46016827]
 [ 0.60028833]
 [ 0.37225989]
 [ 0.72556579]
 [ 0.41290352]
 [ 0.75531834]
 [ 0.53631955]
 [ 0.70309675]
 [ 0.41677567]
 [ 0.37597129]
 [ 0.40358976]
 [ 0.59079421]
 [ 0.57912517]
 [ 0.40696552]
 [ 0.35980502]
 [ 0.24692044]
 [ 0.63242036]
 [ 0.19972125]
 [ 0.29597515]]
target
[[ 1.]
 [ 0.]
 [ 1.]
 [ 1.]
 [ 1.]
 [ 0.]
 [ 0.]
 [ 1.]
 [ 0.]
 [ 1.]
 [ 1.]
 [ 0.]
 [ 1.]
 [ 0.]
 [ 0.]
 [ 1.]
 [ 1.]
 [ 1.]
 [ 1.]
 [ 0.]]
TrainStep[3/29], Error[0.218669]
output
[[ 0.65944505]
 [ 0.4948647 ]
 [ 0.54708129]
 [ 0.45482811]
 [ 0.66022402]
 [ 0.36357388]
 [ 0.78374559]
 [ 0.54766929]
 [ 0.66075712]
 [ 0.34026933]
 [ 0.43991652]
 [ 0.29789236]
 [ 0.57031947]
 [ 0.52533257]
 [ 0.41862103]
 [ 0.38570568]
 [ 0.19292384]
 [ 0.50937963]
 [ 0.28433886]
 [ 0.34615609]]
target
[[ 1.]
 [ 1.]
 [ 1.]
 [ 0.]
 [ 0.]
 [ 1.]
 [ 1.]
 [ 0.]
 [ 1.]
 [ 0.]
 [ 0.]
 [ 0.]
 [ 0.]
 [ 1.]
 [ 0.]
 [ 1.]
 [ 0.]
 [ 1.]
 [ 0.]
 [ 1.]]
TrainStep[4/29], Error[0.224283]
output
[[ 0.66639709]
 [ 0.4711428 ]
 [ 0.58812237]
 [ 0.44905981]
 [ 0.64831716]
 [ 0.38579771]
 [ 0.74069494]
 [ 0.53839982]
 [ 0.70962745]
 [ 0.40663806]
 [ 0.42135245]
 [ 0.36441979]
 [ 0.56730956]
 [ 0.5657953 ]
 [ 0.43174976]
 [ 0.42140418]
 [ 0.36906356]
 [ 0.53753978]
 [ 0.13496028]
 [ 0.46322203]]
target
[[ 1.]
 [ 0.]
 [ 1.]
 [ 0.]
 [ 1.]
 [ 0.]
 [ 1.]
 [ 1.]
 [ 0.]
 [ 1.]
 [ 0.]
 [ 0.]
 [ 0.]
 [ 0.]
 [ 1.]
 [ 0.]
 [ 1.]
 [ 0.]
 [ 0.]
 [ 0.]]
TrainStep[5/29], Error[0.318404]
output
[[ 0.70125943]
 [ 0.47771692]
 [ 0.52605969]
 [ 0.46618286]
 [ 0.67054421]
 [ 0.40290347]
 [ 0.7720623 ]
 [ 0.62452573]
 [ 0.68592185]
 [ 0.45439214]
 [ 0.37568241]
 [ 0.33646694]
 [ 0.5475989 ]
 [ 0.53867865]
 [ 0.46711177]
 [ 0.39999911]
 [ 0.44002554]
 [ 0.52737367]
 [ 0.22618416]
 [ 0.37623578]]
target
[[ 0.]
 [ 0.]
 [ 0.]
 [ 1.]
 [ 0.]
 [ 0.]
 [ 0.]
 [ 0.]
 [ 0.]
 [ 1.]
 [ 0.]
 [ 1.]
 [ 1.]
 [ 1.]
 [ 1.]
 [ 0.]
 [ 1.]
 [ 1.]
 [ 1.]
 [ 0.]]
TrainStep[6/29], Error[0.312375]
output
[[ 0.6846019 ]
 [ 0.47341314]
 [ 0.5619278 ]
 [ 0.36770436]
 [ 0.65093386]
 [ 0.40095535]
 [ 0.76653796]
 [ 0.59675568]
 [ 0.72780895]
 [ 0.32301462]
 [ 0.41801295]
 [ 0.33743548]
 [ 0.53458577]
 [ 0.53605574]
 [ 0.42498487]
 [ 0.29435807]
 [ 0.28914034]
 [ 0.63556808]
 [ 0.26185912]
 [ 0.36816749]]
target
[[ 0.]
 [ 0.]
 [ 0.]
 [ 1.]
 [ 0.]
 [ 0.]
 [ 0.]
 [ 0.]
 [ 1.]
 [ 1.]
 [ 1.]
 [ 1.]
 [ 0.]
 [ 0.]
 [ 0.]
 [ 0.]
 [ 0.]
 [ 1.]
 [ 1.]
 [ 1.]]
TrainStep[7/29], Error[0.274279]
output
[[ 0.66245258]
 [ 0.43537161]
 [ 0.5899663 ]
 [ 0.41977707]
 [ 0.58330041]
 [ 0.38495842]
 [ 0.79458553]
 [ 0.45744181]
 [ 0.72570896]
 [ 0.35459995]
 [ 0.42921734]
 [ 0.40690777]
 [ 0.52788091]
 [ 0.54873621]
 [ 0.42095035]
 [ 0.40642586]
 [ 0.2168826 ]
 [ 0.4829132 ]
 [ 0.24717575]
 [ 0.32573545]]
target
[[ 1.]
 [ 1.]
 [ 1.]
 [ 1.]
 [ 1.]
 [ 1.]
 [ 0.]
 [ 0.]
 [ 0.]
 [ 0.]
 [ 1.]
 [ 0.]
 [ 1.]
 [ 0.]
 [ 1.]
 [ 0.]
 [ 0.]
 [ 1.]
 [ 1.]
 [ 0.]]
TrainStep[8/29], Error[0.301640]
output
[[ 0.64366943]
 [ 0.47927898]
 [ 0.57777506]
 [ 0.46007821]
 [ 0.70988154]
 [ 0.37884787]
 [ 0.75300884]
 [ 0.53827333]
 [ 0.64040649]
 [ 0.39896441]
 [ 0.4107078 ]
 [ 0.31611434]
 [ 0.59318644]
 [ 0.57475865]
 [ 0.42553097]
 [ 0.29820377]
 [ 0.28416291]
 [ 0.62764275]
 [ 0.22023985]
 [ 0.43488121]]
target
[[ 1.]
 [ 1.]
 [ 0.]
 [ 1.]
 [ 0.]
 [ 1.]
 [ 0.]
 [ 0.]
 [ 0.]
 [ 1.]
 [ 0.]
 [ 0.]
 [ 0.]
 [ 1.]
 [ 0.]
 [ 1.]
 [ 0.]
 [ 1.]
 [ 1.]
 [ 0.]]
TrainStep[9/29], Error[0.338101]
output
[[ 0.67812568]
 [ 0.43872088]
 [ 0.54284883]
 [ 0.41351137]
 [ 0.73795259]
 [ 0.3728565 ]
 [ 0.74123383]
 [ 0.51320916]
 [ 0.70486492]
 [ 0.3722927 ]
 [ 0.46258873]
 [ 0.42356378]
 [ 0.53756481]
 [ 0.59001547]
 [ 0.41680256]
 [ 0.33952209]
 [ 0.14188682]
 [ 0.47648728]
 [ 0.2325011 ]
 [ 0.33151564]]
target
[[ 0.]
 [ 0.]
 [ 0.]
 [ 0.]
 [ 0.]
 [ 1.]
 [ 0.]
 [ 1.]
 [ 0.]
 [ 1.]
 [ 1.]
 [ 1.]
 [ 0.]
 [ 1.]
 [ 1.]
 [ 1.]
 [ 1.]
 [ 1.]
 [ 0.]
 [ 0.]]
TrainStep[10/29], Error[0.310877]
output
[[ 0.64147478]
 [ 0.47385764]
 [ 0.57962644]
 [ 0.40068561]
 [ 0.74778759]
 [ 0.37984782]
 [ 0.73301518]
 [ 0.54493552]
 [ 0.75507253]
 [ 0.43386132]
 [ 0.39360258]
 [ 0.42363867]
 [ 0.57950056]
 [ 0.60612637]
 [ 0.41052443]
 [ 0.32399517]
 [ 0.2975702 ]
 [ 0.60479635]
 [ 0.2686356 ]
 [ 0.41699582]]
target
[[ 1.]
 [ 0.]
 [ 0.]
 [ 0.]
 [ 1.]
 [ 1.]
 [ 0.]
 [ 0.]
 [ 0.]
 [ 0.]
 [ 1.]
 [ 1.]
 [ 0.]
 [ 0.]
 [ 1.]
 [ 1.]
 [ 0.]
 [ 1.]
 [ 1.]
 [ 1.]]
TrainStep[11/29], Error[0.274166]
output
[[ 0.6555922 ]
 [ 0.44918713]
 [ 0.55870241]
 [ 0.38627246]
 [ 0.71905249]
 [ 0.39316672]
 [ 0.74541205]
 [ 0.58644825]
 [ 0.70709264]
 [ 0.42262965]
 [ 0.38321337]
 [ 0.4032993 ]
 [ 0.60254848]
 [ 0.53960955]
 [ 0.44718349]
 [ 0.41137123]
 [ 0.22364731]
 [ 0.46735427]
 [ 0.20750247]
 [ 0.40457803]]
target
[[ 1.]
 [ 0.]
 [ 1.]
 [ 0.]
 [ 0.]
 [ 1.]
 [ 0.]
 [ 0.]
 [ 1.]
 [ 1.]
 [ 1.]
 [ 1.]
 [ 1.]
 [ 0.]
 [ 0.]
 [ 0.]
 [ 0.]
 [ 0.]
 [ 1.]
 [ 0.]]
TrainStep[12/29], Error[0.193935]
output
[[ 0.62599337]
 [ 0.40782723]
 [ 0.55125463]
 [ 0.3781876 ]
 [ 0.7183187 ]
 [ 0.36891568]
 [ 0.78923839]
 [ 0.54506588]
 [ 0.69016331]
 [ 0.32272652]
 [ 0.3393099 ]
 [ 0.36236721]
 [ 0.59069175]
 [ 0.59326828]
 [ 0.43623486]
 [ 0.41573775]
 [ 0.30592063]
 [ 0.59909308]
 [ 0.26236767]
 [ 0.35362065]]
target
[[ 1.]
 [ 0.]
 [ 0.]
 [ 1.]
 [ 1.]
 [ 0.]
 [ 1.]
 [ 0.]
 [ 1.]
 [ 1.]
 [ 0.]
 [ 0.]
 [ 0.]
 [ 1.]
 [ 0.]
 [ 0.]
 [ 0.]
 [ 0.]
 [ 0.]
 [ 0.]]
TrainStep[13/29], Error[0.205933]
output
[[ 0.67266107]
 [ 0.41143247]
 [ 0.52036375]
 [ 0.4525893 ]
 [ 0.70995355]
 [ 0.34866524]
 [ 0.77109283]
 [ 0.57980472]
 [ 0.74566269]
 [ 0.38877833]
 [ 0.40650222]
 [ 0.40743116]
 [ 0.54689741]
 [ 0.57879519]
 [ 0.41587648]
 [ 0.30926812]
 [ 0.2480367 ]
 [ 0.52519697]
 [ 0.24575701]
 [ 0.41701135]]
target
[[ 0.]
 [ 0.]
 [ 1.]
 [ 0.]
 [ 1.]
 [ 0.]
 [ 1.]
 [ 1.]
 [ 1.]
 [ 0.]
 [ 0.]
 [ 1.]
 [ 1.]
 [ 1.]
 [ 1.]
 [ 0.]
 [ 1.]
 [ 0.]
 [ 0.]
 [ 0.]]
TrainStep[14/29], Error[0.291708]
output
[[ 0.63426381]
 [ 0.42054227]
 [ 0.58226085]
 [ 0.45239526]
 [ 0.70070934]
 [ 0.35098368]
 [ 0.69839078]
 [ 0.46186489]
 [ 0.74539763]
 [ 0.35726771]
 [ 0.38516045]
 [ 0.31724247]
 [ 0.55749625]
 [ 0.4985171 ]
 [ 0.35935926]
 [ 0.36953616]
 [ 0.28180757]
 [ 0.46573943]
 [ 0.23018959]
 [ 0.31116715]]
target
[[ 1.]
 [ 0.]
 [ 0.]
 [ 0.]
 [ 1.]
 [ 0.]
 [ 0.]
 [ 0.]
 [ 0.]
 [ 1.]
 [ 1.]
 [ 0.]
 [ 1.]
 [ 1.]
 [ 1.]
 [ 1.]
 [ 0.]
 [ 0.]
 [ 1.]
 [ 1.]]
TrainStep[15/29], Error[0.309787]
output
[[ 0.64184016]
 [ 0.4079808 ]
 [ 0.52582622]
 [ 0.45774123]
 [ 0.70982838]
 [ 0.39894655]
 [ 0.7784937 ]
 [ 0.56221133]
 [ 0.68423659]
 [ 0.35886934]
 [ 0.35309997]
 [ 0.36081895]
 [ 0.57472068]
 [ 0.53850126]
 [ 0.41984043]
 [ 0.36574754]
 [ 0.22225261]
 [ 0.57903135]
 [ 0.19030091]
 [ 0.42928213]]
target
[[ 0.]
 [ 0.]
 [ 1.]
 [ 1.]
 [ 1.]
 [ 0.]
 [ 0.]
 [ 1.]
 [ 0.]
 [ 0.]
 [ 1.]
 [ 1.]
 [ 0.]
 [ 1.]
 [ 0.]
 [ 0.]
 [ 1.]
 [ 0.]
 [ 1.]
 [ 0.]]
TrainStep[16/29], Error[0.285212]
output
[[ 0.63803446]
 [ 0.4672609 ]
 [ 0.59112155]
 [ 0.49223033]
 [ 0.73724639]
 [ 0.40179914]
 [ 0.73635721]
 [ 0.58054954]
 [ 0.73554289]
 [ 0.38418758]
 [ 0.44891083]
 [ 0.47215703]
 [ 0.61013752]
 [ 0.55656606]
 [ 0.39193475]
 [ 0.34799311]
 [ 0.2326985 ]
 [ 0.59383929]
 [ 0.23072369]
 [ 0.30861661]]
target
[[ 0.]
 [ 1.]
 [ 1.]
 [ 0.]
 [ 1.]
 [ 1.]
 [ 0.]
 [ 1.]
 [ 0.]
 [ 1.]
 [ 0.]
 [ 0.]
 [ 0.]
 [ 1.]
 [ 1.]
 [ 1.]
 [ 0.]
 [ 1.]
 [ 0.]
 [ 1.]]
TrainStep[17/29], Error[0.259431]
output
[[ 0.63532543]
 [ 0.45562053]
 [ 0.56562072]
 [ 0.46170393]
 [ 0.62137032]
 [ 0.38267359]
 [ 0.74085528]
 [ 0.50144136]
 [ 0.64557886]
 [ 0.44453338]
 [ 0.38160786]
 [ 0.41241571]
 [ 0.54982269]
 [ 0.54087424]
 [ 0.44705892]
 [ 0.41944873]
 [ 0.19885679]
 [ 0.49188229]
 [ 0.24993484]
 [ 0.49696004]]
target
[[ 0.]
 [ 1.]
 [ 0.]
 [ 0.]
 [ 1.]
 [ 1.]
 [ 0.]
 [ 1.]
 [ 1.]
 [ 1.]
 [ 1.]
 [ 0.]
 [ 0.]
 [ 1.]
 [ 0.]
 [ 1.]
 [ 0.]
 [ 0.]
 [ 0.]
 [ 1.]]
TrainStep[18/29], Error[0.259871]
output
[[ 0.6285575 ]
 [ 0.44853148]
 [ 0.57128072]
 [ 0.42406386]
 [ 0.78500611]
 [ 0.36353299]
 [ 0.73060882]
 [ 0.5041858 ]
 [ 0.67395401]
 [ 0.39250436]
 [ 0.42469758]
 [ 0.49018714]
 [ 0.55470723]
 [ 0.56626642]
 [ 0.37169182]
 [ 0.40430069]
 [ 0.28316447]
 [ 0.60361946]
 [ 0.23999323]
 [ 0.38347572]]
target
[[ 1.]
 [ 1.]
 [ 1.]
 [ 0.]
 [ 0.]
 [ 1.]
 [ 1.]
 [ 0.]
 [ 1.]
 [ 1.]
 [ 1.]
 [ 0.]
 [ 0.]
 [ 0.]
 [ 0.]
 [ 1.]
 [ 1.]
 [ 1.]
 [ 0.]
 [ 0.]]
TrainStep[19/29], Error[0.249913]
output
[[ 0.60664642]
 [ 0.4828425 ]
 [ 0.56431282]
 [ 0.39855996]
 [ 0.69124943]
 [ 0.44020879]
 [ 0.75049752]
 [ 0.57894194]
 [ 0.68343592]
 [ 0.42360374]
 [ 0.39911976]
 [ 0.31530666]
 [ 0.50254208]
 [ 0.53822196]
 [ 0.41854936]
 [ 0.313288  ]
 [ 0.28945115]
 [ 0.5885666 ]
 [ 0.2142874 ]
 [ 0.32579923]]
target
[[ 1.]
 [ 1.]
 [ 1.]
 [ 1.]
 [ 1.]
 [ 1.]
 [ 1.]
 [ 1.]
 [ 0.]
 [ 0.]
 [ 0.]
 [ 1.]
 [ 0.]
 [ 1.]
 [ 1.]
 [ 1.]
 [ 1.]
 [ 1.]
 [ 0.]
 [ 0.]]
TrainStep[20/29], Error[0.243684]
output
[[ 0.58861768]
 [ 0.45953351]
 [ 0.5479843 ]
 [ 0.43394393]
 [ 0.68757772]
 [ 0.40331551]
 [ 0.74576318]
 [ 0.52295589]
 [ 0.72376686]
 [ 0.37381461]
 [ 0.43810892]
 [ 0.44280547]
 [ 0.55972278]
 [ 0.53973645]
 [ 0.40518075]
 [ 0.4298124 ]
 [ 0.31948307]
 [ 0.4282873 ]
 [ 0.27070782]
 [ 0.41652554]]
target
[[ 0.]
 [ 0.]
 [ 1.]
 [ 0.]
 [ 1.]
 [ 0.]
 [ 1.]
 [ 0.]
 [ 0.]
 [ 0.]
 [ 0.]
 [ 0.]
 [ 1.]
 [ 1.]
 [ 0.]
 [ 0.]
 [ 1.]
 [ 0.]
 [ 1.]
 [ 1.]]
TrainStep[21/29], Error[0.309972]
output
[[ 0.67060024]
 [ 0.40025562]
 [ 0.55765235]
 [ 0.39653781]
 [ 0.68797833]
 [ 0.3972629 ]
 [ 0.76737338]
 [ 0.54272979]
 [ 0.57182544]
 [ 0.35594925]
 [ 0.35404444]
 [ 0.39773366]
 [ 0.55450857]
 [ 0.54030508]
 [ 0.40155518]
 [ 0.35450134]
 [ 0.25228646]
 [ 0.56878173]
 [ 0.28753051]
 [ 0.37918308]]
target
[[ 0.]
 [ 1.]
 [ 1.]
 [ 1.]
 [ 0.]
 [ 1.]
 [ 0.]
 [ 1.]
 [ 0.]
 [ 0.]
 [ 1.]
 [ 0.]
 [ 0.]
 [ 0.]
 [ 0.]
 [ 0.]
 [ 0.]
 [ 0.]
 [ 1.]
 [ 1.]]
TrainStep[22/29], Error[0.246230]
output
[[ 0.6523065 ]
 [ 0.4623304 ]
 [ 0.56889939]
 [ 0.47850564]
 [ 0.70042372]
 [ 0.40697801]
 [ 0.73210627]
 [ 0.5465216 ]
 [ 0.67512065]
 [ 0.30298308]
 [ 0.41421053]
 [ 0.38291535]
 [ 0.52406311]
 [ 0.58115053]
 [ 0.41023591]
 [ 0.35865501]
 [ 0.34803402]
 [ 0.54956579]
 [ 0.27017081]
 [ 0.34185824]]
target
[[ 1.]
 [ 1.]
 [ 1.]
 [ 1.]
 [ 1.]
 [ 1.]
 [ 1.]
 [ 0.]
 [ 1.]
 [ 1.]
 [ 1.]
 [ 0.]
 [ 0.]
 [ 1.]
 [ 0.]
 [ 1.]
 [ 1.]
 [ 1.]
 [ 0.]
 [ 1.]]
TrainStep[23/29], Error[0.323736]
output
[[ 0.66146302]
 [ 0.47780725]
 [ 0.55426455]
 [ 0.52564579]
 [ 0.74803138]
 [ 0.38837862]
 [ 0.73966151]
 [ 0.5048089 ]
 [ 0.67821527]
 [ 0.27423933]
 [ 0.46190131]
 [ 0.36349574]
 [ 0.5637123 ]
 [ 0.57222497]
 [ 0.35006151]
 [ 0.34711578]
 [ 0.27262205]
 [ 0.58573985]
 [ 0.23522502]
 [ 0.40646631]]
target
[[ 0.]
 [ 0.]
 [ 0.]
 [ 1.]
 [ 0.]
 [ 1.]
 [ 1.]
 [ 0.]
 [ 0.]
 [ 1.]
 [ 1.]
 [ 1.]
 [ 0.]
 [ 0.]
 [ 0.]
 [ 0.]
 [ 1.]
 [ 1.]
 [ 1.]
 [ 0.]]
TrainStep[24/29], Error[0.270555]
output
[[ 0.60223538]
 [ 0.46401578]
 [ 0.57179075]
 [ 0.48633298]
 [ 0.68575853]
 [ 0.38320059]
 [ 0.75157297]
 [ 0.51720637]
 [ 0.75230831]
 [ 0.31064644]
 [ 0.4191153 ]
 [ 0.34929568]
 [ 0.52520823]
 [ 0.56313825]
 [ 0.42212805]
 [ 0.42499554]
 [ 0.21274482]
 [ 0.49904007]
 [ 0.24787906]
 [ 0.54373568]]
target
[[ 0.]
 [ 1.]
 [ 0.]
 [ 0.]
 [ 1.]
 [ 1.]
 [ 0.]
 [ 0.]
 [ 1.]
 [ 0.]
 [ 0.]
 [ 1.]
 [ 1.]
 [ 0.]
 [ 0.]
 [ 0.]
 [ 1.]
 [ 1.]
 [ 0.]
 [ 0.]]
TrainStep[25/29], Error[0.295100]
output
[[ 0.60015023]
 [ 0.4738743 ]
 [ 0.52386636]
 [ 0.42582935]
 [ 0.71369302]
 [ 0.36717626]
 [ 0.71724695]
 [ 0.48766577]
 [ 0.68382204]
 [ 0.39203224]
 [ 0.39924267]
 [ 0.36856404]
 [ 0.59862834]
 [ 0.53667384]
 [ 0.36484015]
 [ 0.41078326]
 [ 0.28116658]
 [ 0.61255181]
 [ 0.24389428]
 [ 0.39720014]]
target
[[ 0.]
 [ 1.]
 [ 1.]
 [ 1.]
 [ 1.]
 [ 0.]
 [ 0.]
 [ 0.]
 [ 0.]
 [ 1.]
 [ 0.]
 [ 1.]
 [ 1.]
 [ 1.]
 [ 1.]
 [ 0.]
 [ 1.]
 [ 1.]
 [ 1.]
 [ 0.]]
TrainStep[26/29], Error[0.302532]
output
[[ 0.64520919]
 [ 0.40546104]
 [ 0.56892139]
 [ 0.40309304]
 [ 0.69640595]
 [ 0.36456779]
 [ 0.72043914]
 [ 0.48698291]
 [ 0.6707142 ]
 [ 0.44141498]
 [ 0.44445875]
 [ 0.28338334]
 [ 0.53482825]
 [ 0.53137308]
 [ 0.36612973]
 [ 0.42121455]
 [ 0.36024293]
 [ 0.5832634 ]
 [ 0.22859412]
 [ 0.35294515]]
target
[[ 1.]
 [ 0.]
 [ 0.]
 [ 0.]
 [ 0.]
 [ 0.]
 [ 1.]
 [ 1.]
 [ 0.]
 [ 0.]
 [ 1.]
 [ 1.]
 [ 0.]
 [ 1.]
 [ 1.]
 [ 0.]
 [ 1.]
 [ 0.]
 [ 1.]
 [ 1.]]
TrainStep[27/29], Error[0.287382]
accuracy [8/20]
output
[[ 0.66930354]v
 [ 0.47326395]x
 [ 0.55166346]x
 [ 0.37769186]x
 [ 0.73037231]x
 [ 0.36189404]v
 [ 0.76831561]x
 [ 0.51807708]x
 [ 0.67705321]x
 [ 0.47894043]v
 [ 0.33778086]x
 [ 0.38814434]v
 [ 0.65251857]v
 [ 0.60690594]x
 [ 0.44170877]v
 [ 0.36004677]x
 [ 0.20110546]v
 [ 0.58418721]x
 [ 0.26707196]v
 [ 0.43224171]x]
target
[[ 1.]
 [ 1.]
 [ 0.]
 [ 1.]
 [ 0.]
 [ 0.]
 [ 0.]
 [ 0.]
 [ 0.]
 [ 0.]
 [ 1.]
 [ 0.]
 [ 1.]
 [ 0.]
 [ 0.]
 [ 1.]
 [ 0.]
 [ 0.]
 [ 0.]
 [ 1.]]
TrainStep[28/29], Error[0.242177]
13/20 = 
output
[[ 0.64404315]x
 [ 0.41587901]x
 [ 0.54958069]v
 [ 0.47776863]v
 [ 0.70570582]v
 [ 0.37610361]x
 [ 0.73082316]v
 [ 0.5259642 ]v
 [ 0.64001215]v
 [ 0.43543762]x
 [ 0.43165535]x
 [ 0.40509763]v
 [ 0.59008783]v
 [ 0.55159473]v
 [ 0.3674221 ]v
 [ 0.33675697]v
 [ 0.32309088]v
 [ 0.6453768 ]v
 [ 0.25345775]x
 [ 0.26313064]x]
target
[[ 0.]
 [ 1.]
 [ 1.]
 [ 0.]
 [ 1.]
 [ 1.]
 [ 1.]
 [ 1.]
 [ 1.]
 [ 1.]
 [ 1.]
 [ 0.]
 [ 1.]
 [ 1.]
 [ 0.]
 [ 0.]
 [ 0.]
 [ 1.]
 [ 1.]
 [ 1.]]
Validating Neural Network Accuracy...
Steps to Validate: 2
Validation Accuracy: [57.500002%]

Process finished with exit code 0